"GearID","SampleCode","Dilution","CellsProcessed"
